Exchange_336_96_DLinear_custom_ftM_sl336_ll48_pl96_dm512_nh8_el2_dl1_df2048_fc1_ebtimeF_dtTrue_Exp_0  
mse:0.08483481407165527, mae:0.2087230086326599, rse:0.2213486284017563, corr:[0.25705707 0.25686058 0.25664917 0.2565944  0.25645685 0.2562073
 0.25615552 0.25593847 0.25572702 0.25552416 0.25542477 0.25539166
 0.25537714 0.25541243 0.25552404 0.25537673 0.25532413 0.25536364
 0.25538942 0.25555074 0.25558865 0.2555598  0.25564086 0.25564003
 0.25568148 0.2556625  0.2556888  0.2556414  0.2556753  0.2556016
 0.2556579  0.2555353  0.25546202 0.25557196 0.2554725  0.2553819
 0.2552864  0.25518265 0.2551313  0.25505883 0.25486696 0.25477698
 0.2546321  0.2545206  0.2542933  0.25421864 0.254103   0.25400624
 0.25395098 0.25398943 0.25405923 0.25396702 0.2541106  0.25418139
 0.25425193 0.25434607 0.25455496 0.2545724  0.2546187  0.2545724
 0.25465298 0.25460923 0.2547157  0.25453174 0.25450915 0.25461262
 0.25461093 0.2545229  0.25455907 0.25454885 0.2545388  0.25440052
 0.25428048 0.2543711  0.25436217 0.25441325 0.2544099  0.25437212
 0.25436264 0.2543244  0.2543709  0.25440004 0.25458533 0.25470158
 0.25477687 0.25472534 0.2547424  0.25483996 0.2547323  0.25487158
 0.2548439  0.25468194 0.2547617  0.25473788 0.25472546 0.2547473 ]

Exchange_336_96_DLinear_custom_ftM_sl336_ll48_pl96_dm512_nh8_el2_dl1_df2048_fc1_ebtimeF_dtTrue_Exp_0  
mse:0.08483481407165527, mae:0.2087230086326599, rse:0.2213486284017563, corr:[0.25705707 0.25686058 0.25664917 0.2565944  0.25645685 0.2562073
 0.25615552 0.25593847 0.25572702 0.25552416 0.25542477 0.25539166
 0.25537714 0.25541243 0.25552404 0.25537673 0.25532413 0.25536364
 0.25538942 0.25555074 0.25558865 0.2555598  0.25564086 0.25564003
 0.25568148 0.2556625  0.2556888  0.2556414  0.2556753  0.2556016
 0.2556579  0.2555353  0.25546202 0.25557196 0.2554725  0.2553819
 0.2552864  0.25518265 0.2551313  0.25505883 0.25486696 0.25477698
 0.2546321  0.2545206  0.2542933  0.25421864 0.254103   0.25400624
 0.25395098 0.25398943 0.25405923 0.25396702 0.2541106  0.25418139
 0.25425193 0.25434607 0.25455496 0.2545724  0.2546187  0.2545724
 0.25465298 0.25460923 0.2547157  0.25453174 0.25450915 0.25461262
 0.25461093 0.2545229  0.25455907 0.25454885 0.2545388  0.25440052
 0.25428048 0.2543711  0.25436217 0.25441325 0.2544099  0.25437212
 0.25436264 0.2543244  0.2543709  0.25440004 0.25458533 0.25470158
 0.25477687 0.25472534 0.2547424  0.25483996 0.2547323  0.25487158
 0.2548439  0.25468194 0.2547617  0.25473788 0.25472546 0.2547473 ]

Exchange_336_96_DLinear_custom_ftM_sl336_ll48_pl96_dm512_nh8_el2_dl1_df2048_fc1_ebtimeF_dtTrue_Exp_0  
mse:0.08483481407165527, mae:0.2087230086326599, rse:0.2213486284017563, corr:[0.25705707 0.25686058 0.25664917 0.2565944  0.25645685 0.2562073
 0.25615552 0.25593847 0.25572702 0.25552416 0.25542477 0.25539166
 0.25537714 0.25541243 0.25552404 0.25537673 0.25532413 0.25536364
 0.25538942 0.25555074 0.25558865 0.2555598  0.25564086 0.25564003
 0.25568148 0.2556625  0.2556888  0.2556414  0.2556753  0.2556016
 0.2556579  0.2555353  0.25546202 0.25557196 0.2554725  0.2553819
 0.2552864  0.25518265 0.2551313  0.25505883 0.25486696 0.25477698
 0.2546321  0.2545206  0.2542933  0.25421864 0.254103   0.25400624
 0.25395098 0.25398943 0.25405923 0.25396702 0.2541106  0.25418139
 0.25425193 0.25434607 0.25455496 0.2545724  0.2546187  0.2545724
 0.25465298 0.25460923 0.2547157  0.25453174 0.25450915 0.25461262
 0.25461093 0.2545229  0.25455907 0.25454885 0.2545388  0.25440052
 0.25428048 0.2543711  0.25436217 0.25441325 0.2544099  0.25437212
 0.25436264 0.2543244  0.2543709  0.25440004 0.25458533 0.25470158
 0.25477687 0.25472534 0.2547424  0.25483996 0.2547323  0.25487158
 0.2548439  0.25468194 0.2547617  0.25473788 0.25472546 0.2547473 ]

Exchange_336_96_DLinear_custom_ftM_sl336_ll48_pl14_dm512_nh8_el2_dl1_df2048_fc1_ebtimeF_dtTrue_Exp_0  
mse:0.01592385023832321, mae:0.08328593522310257, rse:0.09467335790395737, corr:[0.26375157 0.26371074 0.263353   0.26320606 0.26297843 0.26276064
 0.2625557  0.26245674 0.2622226  0.2618881  0.26172227 0.26165628
 0.2615283  0.26153442]

Exchange_336_96_DLinear_custom_ftM_sl336_ll48_pl14_dm512_nh8_el2_dl1_df2048_fc1_ebtimeF_dtTrue_Exp_0  
univariate - mse:0.01592385023832321, mae:0.08328593522310257multivariate - mse:0.01592385023832321, mae:0.08328593522310257

Exchange_336_96_DLinear_custom_ftMS_sl336_ll48_pl14_dm512_nh8_el2_dl1_df2048_fc1_ebtimeF_dtTrue_Exp_0  
univariate - mse:0.019223235547542572, mae:0.10737589001655579multivariate - mse:0.017537472769618034, mae:0.09058502316474915

